Price Graph:
INF 35 25 70 50 55 70 30 50 50 35 50 40 60 65 
35 INF 30 60 45 60 40 50 30 40 45 40 30 70 50 
25 30 INF 50 60 30 50 45 45 45 55 60 50 80 45 
70 60 50 40 45 60 35 35 50 55 60 65 55 75 60 
50 45 60 45 INF 45 30 40 60 60 50 45 45 50 35 
55 60 30 60 45 INF 60 55 35 50 30 30 35 40 50 
70 40 50 35 30 60 INF 45 INF 60 40 55 40 45 40 
30 50 45 35 40 55 45 INF 30 30 35 50 30 65 55 
50 30 45 50 60 35 INF 30 INF 40 25 35 60 55 60 
50 40 45 55 60 50 60 30 40 INF INF INF INF INF INF 
35 45 55 60 50 30 40 35 25 INF INF INF INF INF INF 
50 40 60 65 45 30 55 50 35 INF INF INF INF INF INF 
40 30 50 55 45 35 40 30 60 INF INF INF INF INF INF 
60 70 80 75 50 40 45 65 55 INF INF INF INF INF INF 
65 50 45 60 35 50 40 55 60 INF INF INF INF INF INF 
