256984183
543549564
42087810
847702807
934563051
505803999
1307536367
563560418
1357062056
1865644052
470852117
134291224
27288771
1228357386
1242287891
1296567903
900179612
296445769
201978543
1629209941
1714979137
128845525
843222499
795954140
925593817
83743451
874392172
678638383
589653864
1822944990
87255181
1913979813
1101168678
327901300
594110898
1570387783
933447251
1079906222
1599572357
1812310953
1749621670
397829319
1200771322
1459777995
1635578637
1379470459
526551401
2116770967
1355546167
10417746
1144881615
571826185
693370970
1239624168
1624532029
402723445
1851968418
405221708
890601719
382071643
501999371
1787662981
1955500137
1001068871
1577624299
151003784
1742410581
1607624375
1851107718
971822337
1804882524
1454066993
140048491
152911125
1586836063
354298748
1874388152
1404052821
1365449311
1096318135
409203685
1243696101
1342033256
532189151
233671102
1710104598
1954330785
675122630
1629935309
1021337231
778050946
674322839
1072749854
1581579613
55973125
142474489
124470218
321881748
355231843
377046641
1946136637
395030602
1407374937
1365678101
646624371
1548549577
1118422646
405049131
137583727
1677295517
287920050
791623659
1157643648
314950116
1966893404
1361662757
1880214467
542681264
480955239
286254565
717104675
700045761
1753686861
2017752
1700103159
1363869978
322272168
474569842
341069536
721837709
791253260
1374798596
1463444899
988208402
180086516
909615789
2123966377
2029717805
689416040
1341108715
25814093
65764357
1494953541
125493687
343456055
29873249
1716006192
210689734
2009309082
1277392099
734988834
631395494
1147367831
1555469204
1452476697
1329231030
113541469
1325990947
1492041310
571751151
1579758179
1655386592
1431804859
1790000578
441303623
1728958670
1007139133
521302677
1948296226
184020926
463251602
1241454439
173642021
2118654321
796822140
481684288
1801962873
1775616517
1354042507
508207890
907543111
1648205583
999670828
1703035715
1259214789
171617538
305423245
762562385
203599399
953649322
1313697293
1031028644
452872065
738751487
1593278702
1261550071
765996466
2085623944
1853540474
1056963136
394698768
125208193
1987609338
1642014681
28395970
509698156
184640009
130761348
830204955
1053424126
1044099814
1096694261
288302426
775766150
928462113
1046554089
1543504893
84280891
1317211664
2115003572
1715709460
1665965951
997948871
679391827
367885290
442649317
723717611
174511469
1699081328
1369825537
1633104519
599158526
506525699
552246385
180670361
2132364116
1436596476
718328911
1948427390
241010627
511449747
1706342535
1002363707
1865096481
2005244555
1684363514
968145044
130161189
1480750877
1939488303
325630708
1086976800
175692571
75026172
391972015
1541310756
1862125978
1472124515
837626518
1233581941
1004554249
26830229
2111576580
2100313385
1778355956
151153546
2111976868
238019213
1774362177
1747186597
273746701
950831833
1204799904
448678965
1132280138
1379683299
1956269634
1049103068
1434522006
212449973
1528874897
1158557524
642078519
308342658
437012795
479972825
954691643
1652117164
169619638
1086456297
17533238
475871427
741972161
2036055445
1979432817
1658179642
1129955975
972181404
1397270652
1194168219
3091871
425468369
1873816920
393291185
90280829
1226438221
1199136441
1899620439
281338324
1841704421
1844399536
2044040754
897051419
1407997193
1086516458
1028659165
1431227805
681388588
1715192712
1570916903
1236432503
1669309549
1359225635
1721694306
1321541264
1868146774
1731911478
1242859308
162955187
746177984
1856362255
1237996169
32556600
1717929862
329556719
499450620
1900477864
1807178417
1386434998
1615441436
88465831
786537893
1580520366
1580561619
126417143
831595518
802296350
144934937
675030461
80850926
1651848378
2094584277
2126001915
1881266619
1046330752
2084847228
1684176544
2120707548
945669977
348831992
188933234
1420033572
1518475493
321949903
1500712928
286746881
401525099
1038720019
872792870
1716457080
1346313409
1601760271
2077359552
392857538
1391910288
1296843645
1239608112
1354678837
465587965
1854001734
219425368
652738077
1222391263
1901390039
2105718113
273822631
79503696
483790238
689442524
1786225303
1414766108
1035037572
1258931904
1859620284
161114750
2026208030
1830169731
1254392936
735112753
566618480
1214302562
1246062093
305071507
1293352760
550362386
728553873
2000671964
2142237869
2028522328
2071870571
481350692
490182195
744881473
1540738348
831599310
866028494
1844222939
1223458622
513139929
48460351
576817044
822875950
281404970
814340096
700711141
51826639
1319444638
989891944
558089499
1749123244
610718125
1515177862
733240508
1312051470
1286968894
630908874
1558680079
1730561647
31086161
626581706
1846411501
1499398157
1811710801
252801594
1113736592
1103434492
1902215199
941796704
1822725738
697254111
2079065545
1148194478
416539804
2135280255
1056020768
1736188968
120189740
1394332000
1196367936
466513491
229448040
1600061915
1450377671
410639400
1751437989
859931694
307036748
2110903542
1525981954
1928988404
2094970916
34309000
1105745604
2090368937
2145742886
807800931
318630983
1554199310
1584204709
1226288657
832897940
1217266434
1667734916
664172568
128353270
1159827302
508400895
2003894499
468808792
151866301
1206348271
702279370
639247678
2122521852
1373906247
1498120785
1817756067
923855847
938452719
1454944665
2006179913
225056244
801590541
1167304956
1631280147
1709380
812262249
138074964
1343581188
778478511
1417956853
974797612
270721921
1652961901
1482212515
735434405
1677656350
2057472987
1166808515
1877530848
536253318
1968132814
717590157
269607147
96824459
1683561634
375849766
1157611335
1919349172
1149672217
1630579060
1103442053
2029292926
2138409275
2105852380
382964453
475071512
182702638
1929105303
1912208762
1399885579
46089721
1535827927
2054015796
1043857847
1324922186
709244359
1735700863
506543593
852990843
1763754576
1706379291
1620121799
1441915480
2067999612
1994135836
1811200570
267283765
1849932478
546916480
795270200
168032472
180761099
1509914035
310929646
966847171
1939129795
742637693
336749887
1135940964
630160118
1859239869
209930786
2138571928
544594057
417012485
1489695234
1943441112
188498514
556145473
1288132967
868130962
673180616
1202760716
535784601
532857136
723076762
141180561
1999742439
1552096723
605763352
1992170284
988422811
1636174932
663982289
1225301411
1420123594
883991600
954951254
1720431947
1579910021
2059911439
1347681986
981113793
1200077285
532516371
1438290348
1269948204
179497095
1740635277
1834861105
645420815
647736708
916244713
1867142401
2031283643
1236651542
1055730728
1156453982
1795070124
1893301012
1444911085
875525319
396087189
1985563470
1616849557
132435361
1048054035
983293551
1328047992
1705058273
892608743
1901869306
1570823994
1822394587
1574050195
210579972
164539148
1598006747
1268907447
2014847019
2011702437
700320291
2072745277
150148905
259361110
1837856007
1588614848
185567185
681422851
143567306
1311576361
1891746519
1088350998
1797001887
703401
1084642372
1743150468
1158003302
2064687600
16241327
237559720
494114267
259222520
1656057524
1970740748
1599463955
2137882186
1837002145
122658096
2077801999
1386613326
317632838
1958245471
2044740822
1925676060
111496483
1315649597
1631147267
2063362514
1367841042
491951759
421172563
541165829
780842958
355028289
1250881857
1853950116
1499365289
1259298325
1575607090
607510473
1291261873
1916046576
1477516067
1259127808
857211518
1833678950
104294553
531896319
1754494619
693104576
1057307504
1887524450
994997666
470613273
415007410
2654414
1663063158
1602830801
742404439
711417203
1747467972
707849032
1906760091
18385256
1910836071
1951388059
608850629
192943648
103584966
1490769492
671142495
1307799421
689741702
372059008
1870851039
2085336746
1321570982
220133553
1817785137
1412435337
516475021
266776773
1918852522
1392410255
1109854426
280379940
766530062
316353681
1934290242
1008649008
127968038
1127684019
1442122558
1253392264
1096687625
176771174
1023237617
505583743
1900661069
591337558
56018990
913327544
82923252
2121693108
330107721
1170206646
1007860096
1901109583
1687061415
1214610564
2127684413
94239447
1186937890
889520247
1533124562
1715716828
1789799927
1363929560
1323666842
1085514221
1363931082
1349247096
1516113799
1431148138
1489908966
1240667542
1980649671
635008350
1739096507
1742557479
1929055414
1073724339
779879832
1347638783
255000972
1571460639
1785068867
1305899079
962948413
837213499
734422549
1851261734
1412885602
1641627935
2118290536
1125138586
1610703067
2055076634
1693492937
1935018468
363041508
637583829
2075499120
1336831619
1155105619
607969653
418765545
888603596
1159356734
1189499107
986221426
1144719236
2137689626
748129872
302005519
1302899972
2096564592
1049417768
281233965
87742708
1517911514
1580573085
319126205
1287460876
309715760
2039901639
50422318
1339341708
392498502
1800043177
1723540550
139109467
1550603933
1286245586
1359173200
840419261
926573308
1513663159
1045430951
1994277350
2042142721
1209065493
1273472937
1437626157
844308302
1865175985
1193984636
1212579684
206938958
1247042613
1752285618
73646768
830649104
2075785428
1853842881
1844550291
282812745
852494404
2010038891
658390080
1726325216
1843834342
1134759784
105420681
131376792
436554028
1359410444
532811875
2109858782
1146569810
1028032139
1630220058
1512146380
1322730062
373438290
1430123496
1448620048
935040697
2091149380
230262858
262322512
70531893
18552507
426856334
1579024558
62836680
1681610083
1935870461
1797585977
1227569443
884231772
696554764
1062558751
2098403252
1887005330
860082414
692704141
769647400
1169845919
1387572348
1403530063
1169390193
170636407
995423704
1188582998
621562992
1248747536
342155421
1792437728
600294380
269471054
2104476702
884264424
1245336928
1002125234
4564417
1552228874
679341562
1670565082
986132296
1794194973
69540037
528297891
1405257339
134946867
309262437
863352919
1972990501
756356980
1136056267
420573992
1218401267
1413520324
1571982354
1963598284
1815155739
169816091
93274574
2702908
330618169
1159371594
1439251127
237891681
1778415500
1151909554
578796373
1877203748
1481134559
1945580736
1789420730
1433216522
1893500502
502772221
1892051049
1911619414
84648331
1050324803
493385681
898779500
387083502
984451351
1459839769
526330608
553386663
17969884
1372129808
1706281570
2125208599
1432906489
977743165
384507311
636082154
459167512
1319630513
1966409422
1817311871
2048188263
1884758478
1751946496
816474255
62299455
1242404096
1102141691
1648945262
546553899
1143822274
2094834821
2041927629
1888981543
1862039600
20369469
899765610
1928248743
400906724
1383109629
1560539475
769175514
1828792505
1729675671
172873058
2079595062
1457852109
1479467340
1841918414
1146012593
252820608
1433304890
1231217831
2073146772
455624429
1900576648
1319957458
1018923096
1005873294
721183074
526221050
859529004
2128960506
66698028
7292862
164563755
2011576596
732794251
254261012
2019854801
278148631
1919625345
1496344534
2029076568
649564016
1563039211
1980049173
1279856699
1355331741
701527258
883403176
1802727321
1738792171
922549621
459548807
1285604637
1324161592
810842883
2052594366
776203954
1844183000
552203849
1613251456
1936177617
517505928
413361546
257905577
997032993
318615810
1299186699
1964611044
1656743883
621474579
1910273892
1092780194
1076571414
1386029123
1236351252
303723992
120504625
244153254
1789974208
2145586680
329930336
336380598
1371751682
1793568829
283356064
1394122249
1966050173
74381222
289715600
904661451
460786197
607581897
344201394
1819367587
91385076
458164727
1645692194
1706814845
350543289
1033414502
1897281825
1778442119
1599295087
1447201357
713421177
1068520638
1368106652
661091735
2035884214
1249037047
912999504
1012005913
712895551
824259044
2052229358
1083965439
1103355772
579168159
1683360109
1283786385
829571286
1140767478
145002330
1807704612
1640259775
598461886
1682999101
1658775870
413341736
2072442554
1504734385
1303381623
1601738361
1709118182
408022602
720586943
1244465568
1389563243
504763976
1007738982
2013030232
1541734386
392140800
83112957
1015097749
1137775675
1401376837
1487342810
1060956590
940687089
353295609
47016508
2079951507
1006172283
1451323903
1281575095
171642255
720841864
1233955521
840862368
1931421716
41972760
1061541104
27195652
1810790000
1956768363
841306783
810770033
828204416
1790103505
23714065
1277815760
1413008320
1556665714
87383797
1928145278
809454116
186423867
47291696
262585282
191939989
414957329
1308426694
494900778
593211015
1478439731
1750763127
254944295
618890300
1425969679
354894433
1148647712
1591592701
842218675
1104553348
1379475168
605695564
852857368
1667923898
1692909395
717362662
741065976
1838189679
754189211
1209584683
1409564679
1661449896
258540131
924563836
2100205607
2114414757
409430343
758169813
1539569440
513115377
1783298534
1616683406
1634902798
758062621
1885477143
945647269
2114662283
274632531
806591114
1460073134
153528869
1231841236
1813296372
1131689627
44899510
859304473
502751636
1546078954
396851178
1941024711
378236200
464218280
308542409
1646744205
60610899
780130815
1270942770
1862782328
1765980730
466643923
274135017
1034807904
1693869122
1815108822
1528765719
1471086525
571997764
1429615576
1501943196
1636508334
1972502409
1142929324
2119409700
607575111
230149092
497740997
1084131514
1747094650
875877119
2013822495
1972396745
1514518123
382425370
4638119
643454741
1963669342
861943898
1913894671
1817670731
1637097342
1134541630
733873697
1216640758
1889416619
584427344
2027652877
343909496
1208405195
913262686
1140338493
1524986023
222761616
890483391
540816594
1353701254
1215219660
1627342650
396190358
1572041206
805240201
230114813
2069097491
1118835366
899183230
730122671
450172539
464974592
134976311
804127745
860419644
2065561457
1818254044
703420698
494194551
1608555708
324152273
2008723519
25769346
1461185175
1663732780
2119749520
2023962557
597727019
69507667
2131738948
1666816135
254605830
1372759986
1560264981
450722150
1112352081
1456278232
797120365
1198984569
1494591382
481138315
1215729250
1602087192
1129469858
1391947573
1923492640
2069462189
805863711
2119512795
192809129
2137691427
778399279
86304629
970437878
11116581
5299578
1023177919
1649723104
734842511
319628480
1139262213
615817239
1316640980
1113452172
618154846
1950096183
371127167
1241784881
1432413421
1280683877
225326858
1054832745
1096439230
296963703
316960693
1398922691
1042700281
1197063247
1415187233
1670434506
939025111
337718774
240155597
1173346066
85000861
532845572
528720614
2067511859
238922106
1916899299
776845999
1897615080
937007963
795250690
1987611549
1679174958
1810913879
1891319069
346649789
19869412
1085242199
1087024622
979436925
934244220
1589662323
610610334
1851018172
1614306362
338629936
521669802
1676115160
1924496421
1760140280
1090448535
543084247
811439579
1343845803
930895522
1142669859
2053548739
1783965436
2087887085
1235445615
115068462
1220358534
2097052088
652828452
593840241
1316422878
1742779152
1359746231
1881416690
1421090402
2100748127
495130162
153500609
756875416
1259475531
258941038
1220156844
854731905
961012552
513452377
1004806593
2120492190
1621115365
960910066
938453822
1473482786
43767098
1154208812
567719933
399070310
583270589
1913424415
356529080
704872430
1271134158
784473150
1238123117
18687989
556418661
1584636389
2039083476
1331942306
584800614
1858750826
580519673
775935790
1632117946
1197695291
1300532506
961269176
531564651
475117837
961286913
829670410
659260899
1329794620
995864011
2146371806
640641136
1920050341
49317718
2101682331
1163911261
428023104
1861575125
803872732
869383447
248859541
1431644878
1248683558
1414360822
665846711
348387260
1304257098
1283461157
1805915231
1630904366
128409054
2097388990
2020173072
1332362034
1196718169
2057912228
2106681061
1425704138
186914140
1844859066
1177426876
2099181474
2081680602
2300890
16352584
2107456119
1567202062
1078125579
1737076514
4789833
1045828292
82452949
659761528
1153931635
204173388
2010747857
1836563407
1338723118
733274607
1885153363
1946327750
1459583146
508235141
1365550668
652341587
1001034774
1004556020
56595426
2011552808
332989335
209369263
1290989455
1632484544
916656936
205439774
1820060889
1006293555
1342058760
960834879
1822269560
1620205053
693681811
21477914
202047902
647443007
274979300
192286756
1948103004
1231506066
475061476
14027586
1685920379
1364571335
1372561032
363928750
517074594
1753865596
858533250
425708557
1615689342
2107538326
801371464
1780245111
1837410573
544656551
1467349143
34844253
1511808187
2081171252
31590028
505139787
881543518
612226373
1094498234
2034382283
1775886494
1596578652
889234899
1032248020
1619571674
785899193
1583307701
1182660730
2017736125
1176783098
2016622863
1793541487
1971302717
307058703
332417580
1337301213
457637389
1372657016
1977131838
1640331235
1799490106
1018010841
705989038
710611991
1099171770
1125606896
891654649
898796977
680819441
739473671
846123308
157727122
924919056
1627937206
1798958462
672604721
113628039
633489290
1978058851
40769550
166543457
924689758
2069093014
1043590427
1125361540
1062923651
1788826611
37793077
1680569274
1622862774
264842071
1614570713
486609899
834844717
1724492768
1110651864
798018524
1261957353
1168734099
2028566431
665626045
934621092
1481299086
415818731
753624579
309749247
455234001
1781104193
1243616218
2146923322
1320035960
190822563
961731370
1857208268
424551131
1490183383
1557826767
273848745
518401694
436115179
426126242
45786549
735383417
820701034
234813757
1587354360
475381839
1103401233
1343231186
1338445838
367996941
171684027
1422903868
367416484
1153361463
1358710819
1659116382
1841359626
344397265
816404190
1032200647
823373663
56532773
958543837
1971432312
337678221
1706064973
632346467
2097985513
1308516898
2010959406
1097100156
667728750
1915045675
1835242136
606957891
593950787
1026885853
1691944079
1673165826
1747163764
2037476117
86863357
1771044786
1826370882
1831647203
316461076
1591794360
2084017841
629571117
549834650
448829509
1514989499
1862390861
1629045802
1103778611
1243372291
194725880
2140270779
1179895403
638041823
1183069690
301192257
519307420
626266532
844249377
874823510
1485685208
1118927187
294935130
582472634
1387096612
1997769699
608510248
914611122
181182228
2145378197
1120923849
1640578659
1662977980
171244155
472426105
818503776
1960204197
605310352
821050225
1808699600
1183153915
1716761832
25829332
321886230
430560817
1563244576
1136651434
1833611173
1112650161
23657851
333027062
843446952
273368417
1035463586
1976498261
1729220831
1118311766
688972618
330966102
564630584
15989195
294944490
739786154
1803057795
850617748
533852557
273248333
1164695445
722901710
1494048891
2100910313
1073506617
1415593472
2055642438
465542530
1090375689
1466245172
807756479
1719009866
1301314771
1223895149
1407398277
1757953481
844139741
1179654905
890959231
2095808533
1227236037
1723128071
1796509502
315123294
582528756
182855419
201928276
784372472
1693511618
101506388
915847398
1631920137
20603075
531014358
1963761621
265393404
143406209
751502729
1155038296
1623955639
1452754950
1710861907
1797521266
139971666
1009196997
748084573
1688148873
164164347
1741177281
206904098
661150593
877626973
1358847615
1810763107
1504777712
2031578512
1897547531
1949195567
266859584
1163173352
910888423
2038289545
873245871
740110299
808511869
1529947714
2009523667
588954900
812875277
1851301972
2089165668
1249753626
71640875
1477343805
511404021
937825653
1653264638
127862333
1498583731
1008554901
693795336
1929492589
1978873623
849740672
825221754
1052627152
534259678
673280039
726279430
281330462
1709567787
1522082896
822030008
1096043305
85103169
104852481
1319057627
927849008
1479516589
522162710
1370485328
1984793621
1562899296
1775981415
1044432252
241528786
630213472
608476900
354131286
1207337965
156197252
982197730
90453621
1983069718
506548986
943630994
439383063
1662361455
546726715
1900857139
1739202401
1374834290
2063353957
1224023543
1417832588
1033759404
1251598798
1018675621
1141528263
46613943
1756492493
2059118189
900431118
228539817
1367943483
66193999
126012047
465597987
2022441488
802924100
2105594599
345406480
598411519
836480932
1307070862
1329752471
287465768
1746440673
621903915
536189456
894804180
145873319
1414031206
1568441540
435195855
7433303
377471995
505126727
662044098
862379979
653173450
2097254333
1904476520
293113105
24469517
1089795642
307329831
594298582
429825477
2089287078
1142807849
77779375
1567898249
2041522253
1518278052
1298526310
1602871356
1424012324
1817367300
832299819
1902065022
565255512
1929219503
1684084515
573976145
320526691
1203108961
2093771022
1342527012
240811655
1462294637
983107791
353463319
718234831
367224830
79716332
1910079843
2126365945
1557067888
404271274
2096526657
411844223
526061680
328481061
1748219437
452819405
2001178514
2065889131
883020021
1805492177
963086729
1014406864
263489715
360359891
664803497
2142442385
1170855446
1174823461
1293258509
1113769476
1656115880
804046393
1640620227
214127709
1809296438
476791946
1180749465
2107359975
2098793501
2003469332
1912961611
1168116840
244229006
915654425
536106573
1649273246
1764013693
1766391416
926592584
1837634891
19801883
2097765943
1913171202
395745483
537478022
1076896472
406827988
2117545915
1495195321
2041606500
786733734
577052759
489570661
1204247770
1906381062
90495794
544387682
1243435154
1251264321
1839571623
358201902
902704373
1927914603
1227466685
1304661713
1641374521
6645085
14793951
1681315052
1272251738
240287387
1240856949
869045826
1016914335
1604365519
766606101
1594341154
1938311659
2024611470
766589575
1316588672
234311616
1737805161
1513741727
218439680
1266149037
751406736
1689167592
105905404
1835665312
1276825982
1957678650
1108114863
1108315657
188093121
185156263
217507738
635385372
1633254320
969380286
1563520660
1481827928
714131637
124319976
2091731748
1428187246
1118321003
844218877
362210010
1694982472
1199829449
662104013
1869371384
839095278
149227497
1953126030
1901641815
2042350051
398693509
692827123
689122227
697960918
1073468912
781885537
697784366
253643095
224458370
1490540458
1116735351
2111453124
25388393
1500959045
128268006
1874278901
1715354911
2028202
1875736309
440207403
484658306
246675871
1237925187
987045773
2114617383
1667481878
706330196
2003556
1461510987
697204123
1238917229
480426491
2137005164
2129278920
1123314832
1023640647
836858012
1202203481
1907754191
1693838427
1299217957
342480603
815320661
1197920
806088617
1604540643
1562431522
356554738
1136106436
1263764375
1474581795
1334942185
1611643086
674106791
1736598412
559264107
15923430
1337115782
1636065866
978393674
580193839
1742094693
593462053
1402668103
1714814002
1648388874
1932759018
1043171004
518570120
1119367314
1249698678
1295613486
2039162269
508732610
1136577563
592061276
1482129181
1482323514
453510951
739090254
844484730
535434087
1084219279
1074677358
1764884636
1371944888
745814777
46909500
281468051
1874542463
1850074151
780530944
1553459932
2042380545
911206167
936162012
1609737762
863581028
1511851170
656102886
1940161304
899340280
1222178374
470848263
69517046
141888154
1007356108
2020517855
684678974
1182135392
1778314947
1609398930
1611282545
1056945145
92324031
1206795883
1782843313
408235000
2142876482
2024272784
1516744914
1300879708
354242249
924809459
1933424074
1483348961
508329504
804025962
1297236410
1398358526
150713714
1162171385
1250698230
915214774
1736826804
102881157
399269864
1789691020
1681013258
494967274
1710809287
913136926
1174173820
1112160457
383137311
1232812271
953612441
693838326
504541872
1569804348
1865073441
1618011275
330076964
653273747
1635462365
1572770602
179296891
523290296
994470407
198905848
1526032604
632779307
782792805
913852113
309419847
1361459142
605540809
399373730
1387883235
186156931
2003349285
2042815329
1776169914
2065051298
1833946319
302998042
804364857
550593734
321852415
2009715759
1669961497
1579097436
1287697226
2134566563
1945901206
733109079
1250607914
1544757409
1807964480
1712893957
1590447264
918211839
568890731
749319473
968276703
195470355
1767760222
309794909
1222675235
231656502
62977103
1894215797
1787317051
436421921
1286571742
398426151
494308511
1376397781
423659783
1541683076
1677257277
1792704017
780846309
411348546
785152929
1925750535
1363197808
1910012860
1000582664
1995877838
1024257126
460602330
1812296522
1507079853
2068956653
899254747
1932108890
853887943
1808928747
739460250
620556561
1513530895
969953550
460950473
1221084982
1421561742
1432624919
540363469
180480320
1085828676
206525326
737580530
1240357226
1060135953
33142912
834657411
723924473
1503757456
2064005096
1430298481
94625649
1235383963
1226366945
1200709
852963340
1301511655
237957243
732832387
895212764
570493666
1920044254
2094497156
661759268
370209463
850319282
1959985436
1223561519
95046161
1860478206
1695307922
227216658
604446640
1337028170
163570982
358426314
379429563
1193717398
1016077912
431506040
269738361
154654510
823136700
368862926
1841392040
889179363
98854468
1442184545
147724126
308289750
1695271686
1765681853
1885869125
1091237802
923392834
1746527816
2086516316
1819251149
281895257
464659117
1275238927
1053849029
1742993594
668905631
220048172
382786670
1782039925
1938078413
251929595
1490434928
1490576288
1718930161
2109196483
752728752
285970387
235892323
387460299
874827589
1554240961
136749419
539982843
225750079
1725457151
139167769
383002000
1106123941
2006627955
1312847197
1775850701
995005701
605657518
213418246
622770032
60632346
1140590544
1466239886
718914677
1055978317
1022715011
312079289
961544249
859749268
1535970260
151239233
1404634630
406494939
814958666
359598896
759662414
855910683
1445381575
193116161
855527310
1444482505
114832200
1544470394
1279070669
1029427413
1458270059
2061502049
163776845
1670882108
2019420984
1576920900
1213878673
564210611
1547437572
1756307434
1096315223
360261701
1162007814
649044080
1414409447
1483087086
401963673
1967382296
988536013
1391277299
1395615757
1297635365
1661144270
1564334890
134206009
742563913
1244213074
1440863879
1573610781
1415283462
1140271662
401757406
648136474
1192660934
439956640
565051859
653907179
1544135754
2097227130
1447275699
1962887171
600897783
1820930687
592603012
1997151545
956614205
1752361993
1357281393
1257073717
693842433
573568221
2054482611
299682964
922423733
491232838
1223169198
2091241702
1781918712
2048335169
58840326
1086881462
720830452
1042154037
606274927
2000276721
1941839709
1191005704
537793441
2083176311
1518361936
560881051
1422097474
1846738055
545340294
74115862
124777374
1189285346
1688507593
1898204093
99131219
1798571308
608158384
1443283815
1443285840
1477320015
111565491
327983406
1974066440
1659794577
354881109
924711244
282724569
1518004019
987820973
111018254
1867989382
1234107781
1252412541
1810352340
1043467684
1209903586
326916459
1221757387
1985254342
716302555
103716803
1559070304
1846622281
747010323
813098299
1304665432
1703879754
412592733
221367368
1079677372
2048257701
904319297
1152654860
220252433
1668317650
1868248318
1291077839
970470785
564184530
1109094205
388247475
1219992739
244102817
942279549
1347967065
1477469252
472308103
982727809
409556786
735813667
1609461843
521177689
1995106557
946239241
1326517452
1751076257
1222752911
1537157034
769997028
603592774
2018487837
925904800
1015467438
908687757
1558918082
1435710774
864720926
1342764033
2076939955
1930625347
1689784506
1884444414
768440142
206813536
1286558706
179330099
1081417152
1223969103
502859508
1211600011
921444023
1205116044
1467076651
1897522150
1522617100
1210462048
1123052705
913039452
1683411949
7577618
655490553
238615161
1053041978
1063789319
1305723158
153727813
280525750
1069675085
1443544558
1530626147
527045216
1826385084
2070340217
530494778
1821115149
1545372199
1403321775
1963661071
722933201
2023318128
504227051
573575095
22530282
709327702
988963017
2125482586
1742838704
213153048
460554540
1009089992
1097135185
1256461153
1135897520
2047480457
726081271
1245839443
857960251
1532732599
1570445628
1905648166
657614604
1577801966
989569406
1579644274
1888468904
1836050515
1308481862
1422109354
2046405215
1981841800
1343767630
1764525558
1779371883
45969459
1662068140
2059432451
1887265258
933725016
1453335283
727100403
1194521791
1650609181
594753121
1626811509
59238159
1330809752
877318359
466939411
945434539
686792820
202323115
977980604
80177290
1067466361
828742289
92716781
1365294192
636716749
387387442
1797803637
590813769
1990115502
813440089
606679021
201949991
1149336477
282764174
36161607
30256748
1719022944
1521116717
1763328731
991653317
96714452
1982157632
209505113
1426736758
362289304
880193083
1537785445
594282470
159031093
1365923183
470750251
569713009
1684443937
172330758
1555093550
1581310860
1981492395
1913768736
1848564833
1183227082
798995954
509754187
1126353026
546959677
1521282179
249281271
2077210047
27610650
195726798
1782830429
191693612
569066384
1554035797
983525365
929178596
203581988
661022645
874688584
1365467573
1403247569
716480829
952484274
1060088380
1381067148
1592299660
1986660353
724809315
1342911421
259122777
2127160570
2027428381
865772518
1837001601
113515088
882605480
1280752531
1379194636
185761534
1800362847
653783299
1609568241
161925228
615526247
720905730
159867736
394996555
835147008
362646664
443891662
128973556
847555869
612459732
721595653
1017985362
277763485
1888927464
953133847
1240043556
83251557
1197064302
1432918618
1181595268
1290385467
71192816
389267133
1177515569
1442361078
967230610
1941138127
136935265
1516012918
1883124818
64826640
767129451
1800350016
438132682
2122044458
1940279877
744713044
857435792
1308084774
1190702279
1880580407
250583903
348225954
740670803
1638968009
362587194
1591863019
1090486007
1172876151
777074044
1435400101
2085690756
828966111
1707009488
1474424543
839491468
365541886
1859247582
339563177
1174265760
509912390
1637787200
1991566801
1583102265
2024865172
735591795
27942786
1482969256
569078510
1757837479
1041977774
1938789980
1473817929
1381548205
1087490071
212303680
1217612093
1034774788
1137288510
1803529270
184763485
58538833
314655905
1317056421
1653318118
1026700693
727443606
520283671
2001731560
623515018
1844193813
733937940
148889212
562537329
1341874409
9931269
1558597264
338689942
1530190644
1797480883
1608738232
1244349494
1586191172
253033946
723909362
1249786879
630524046
1533326824
820166968
1996184730
1887223676
234856342
155596808
1627953657
2075450419
518313912
1108246752
1177490433
1019900326
250308728
18327023
932114040
147465415
255101267
1109635057
888412451
94266366
1639365523
601154051
1833059669
433457021
847621323
1712545110
22343029
1857133825
1320871277
1345093500
426102531
1794759419
966249371
481839783
120400044
633944034
1031006671
83571854
137845040
1774215814
1434747303
1851533005
1677170005
325923513
1713183141
8311811
110170422
503378840
1350078347
454563827
1254908010
802026883
2058454009
474976093
726479152
1490574469
1688358228
1535310185
1942260590
1822301730
13402596
1919131684
1789318695
1865797924
909495174
96790072
1105619325
2115481431
1157151085
626378363
576309347
879947059
1697827371
1769406708
64997700
1494651224
1486902809
108310724
1459689259
144192685
1084902979
1828205023
445800285
2142429259
950246764
2108963456
1131211257
594869508
1435444171
678891599
550487882
690281498
854475792
951488655
1506589023
262027784
1559489338
299392131
329360796
1501540053
1303334874
816027918
1150648084
852106553
1933878075
523809180
1125419207
2032132920
478064552
1094602037
1631515657
1812442303
1809737473
1446816250
683378769
804426427
1585400724
2000359939
1193000988
1860276924
459844995
1968669059
1140325284
1302982360
1333776061
1339949841
2023455245
661268823
717234936
741858741
129805505
1945220830
35447882
919582555
2131678073
643690010
1622868131
354877170
858508471
9247904
810699944
1797702240
1034118037
836692688
571086660
1149076177
202869368
1568920187
2037365043
367526286
851320030
1599687896
1606691279
1200948775
147263272
1152651160
158066533
186948792
279771583
1279292198
457698022
244232200
969335983
818920139
368082550
1610514490
1033146642
1690326099
249579730
650959519
1394938015
644243806
193099268
571606659
1298764782
1315902966
1594552756
1199739179
1292419770
2049468632
1929083791
1550656578
23566454
944401330
501518333
145308256
506951953
1273846422
1272337611
1683554898
262637814
1074845313
292737027
146177512
84152016
1298693186
112588994
350129151
515448077
186798141
2042747520
636504051
1107539450
27283954
1147398067
2063645656
1831641342
217955249
1714251808
789528904
310834715
1518825501
1909567065
2098040687
88342669
864037806
598984428
1875427907
1699345930
1522024057
1980606582
2058295174
2100403542
1146141008
263607866
198640101
1354590069
1121147836
1110160874
1135884182
1823308691
1905010594
679360235
1984402193
1426619841
544748932
872512963
1307027425
599706812
1131633913
1255997959
1940930550
943155920
1044748933
1269019059
1743226256
284288571
2034381869
1768928396
615942504
1274486188
1287466538
404876994
1539444462
560093778
1075302045
1526580810
1256542961
363360929
1711125282
1929097597
1782694020
46551196
701903664
767207877
970972151
400708304
195748336
2144819595
322434623
1057467380
279593088
426810380
806675680
733890249
1494830222
200354901
110462611
1119232069
1124119610
1664642611
231409961
214329810
911040651
301818247
302903115
1356410415
1650932000
1725404760
1406115879
1679526765
1281283187
1707995440
865450631
722014086
1608137852
1891181069
174767436
1706151403
2084975477
1692173840
1239791659
144585972
1252426647
2047431882
2057164893
283639951
1870443764
1682716762
1208471591
2029180258
244798199
1892146588
1369859740
60470693
571172220
439599450
1004210470
691387517
115984302
1580495885
1169109452
1894673361
887660611
342993368
843427428
2092712196
726707606
1035233553
257817277
1660458540
776689015
1406668639
232345850
911430704
414988077
1825208330
1619988562
1350084868
564162274
735037613
1451224147
1752459650
851118945
367535948
1013709264
1423828397
873589858
79048867
1429413823
258564172
1328620923
596891355
1056888348
1285220499
1310405167
1534841784
512295924
895653845
1541291092
1531633130
271539321
358618172
1456503322
285240701
856961603
1928324839
1679852196
308351063
578275630
1715010735
659913111
1554103469
2120888669
1842286977
897999993
170811235
1786274253
89985111
551273089
1002353665
1696320587
67208137
2138243884
1473609490
25797579
1935697206
1033172839
2130619078
25030221
1923613182
1947927936
436621837
351592660
1490323723
1769037500
302169785
1916234987
349172450
1616043546
1618194013
1253870883
550902570
1217491773
1160040195
1939009899
875029268
648892620
1016304874
2098572727
440404361
1647447765
1147925584
192205640
584786392
1619721672
1159431932
305868246
1799243251
1164086150
1219898880
814098251
930989520
575010598
526709086
472015468
359378658
1353089642
1673275011
1434752412
1937399968
1734206362
1158269050
88663295
1957831694
1532841724
1257025856
2036926253
1582717344
1997948866
1472286370
1410439856
1338164206
2077058858
1781544421
52593626
1325293265
503518171
1544330817
1080683677
1781356660
1191861793
2041179382
50612449
239906131
1275538298
1790410132
882226760
1358056432
1398252308
512991435
1847688987
1495268889
1130580229
726600147
1376653787
431385331
388465845
595170035
43950519
2089481912
122415593
149537725
724677085
1268005458
1887503425
641630491
1368270650
1269922474
1894536632
737139955
278064142
499618722
430800884
1303083351
883648151
1625054852
599875018
1811188508
64557731
542543182
307694712
284402608
1803518081
2144193609
538906156
1457224493
1668543463
1368520115
1167713435
2054135759
912592341
611268313
24769343
1834003930
1271266119
854858030
933311780
950528772
406220971
505345784
48767803
1449195514
2016963171
1070647102
600365101
1458078901
996193190
1236432318
1666200254
640912098
31657734
1643074529
661392130
642172038
1880116491
1043482279
1455201751
2032057021
1349913706
1982409834
153296833
1626979478
734809495
1912212215
1457920150
475548780
1761694973
1450370022
282082657
1466807270
1665002977
1993114029
1817559497
1915071151
115933621
728700318
167005785
105101866
1215504028
2111748332
691981955
1516769180
1708718370
130833259
2038813132
1083237992
1762055925
1074439345
2059567439
2008524927
983000896
704362701
1294053443
1589323332
1355639538
1579704143
747203540
1913012771
2027962960
1260507183
418047026
1697356645
300365767
1660875519
1342404127
322967107
1416991380
1927962077
2025362203
499257224
797554939
2060418846
1285736847
1398731415
2122891843
1149894043
1063841348
32690914
1827861613
1116559356
1300988806
40368688
2019190411
1996647783
1079820859
164876416
824019082
166671671
932098809
2038961645
1431812336
1915666517
1532315395
1000948941
1709444436
1596406286
139763184
1800207317
187274236
1454541597
1674266978
926872605
101496897
756332161
718923334
1201476516
427071671
903226223
2108712965
1216176314
525957252
720843312
1258292057
1843129990
34133955
311247936
2021379907
140801409
2069785716
1948414706
27830639
1745598274
1496089451
2036863881
534431140
1407558226
151249030
1569292809
1857572056
96285106
1208590351
1877695931
1163319652
1222268876
1991915377
999168156
1844561999
479589101
947893316
1209268566
391553554
950687670
929336010
701755439
423473949
565854685
1262101879
1450298934
1234790288
1985889455
653228511
875180913
1050106488
1119132770
1602684964
438805627
547329191
1289253036
365777822
1529656640
1412410243
94720163
676397114
1575351427
605549726
549241749
1221360637
1759528033
1537831441
1367337242
614519747
984529406
624226507
917287554
66818265
2028116121
1687200463
1404106653
122720088
972217896
2010591696
1359449127
1182957056
555636266
1319825506
948689479
1705478225
1508291066
950977074
1498381744
1908726686
858692716
958369972
1196766904
729517726
1020280159
191711018
861609026
580668261
1125770659
1496535743
947758937
1098244360
571012555
2051077089
1045133179
1284590640
1461783189
977135843
914664692
1081533218
1027206718
642271193
1399130929
247589053
1553389532
859167745
352247787
1763624977
1675692545
1264057057
2098720875
782844150
1776807528
2044011561
406404668
1445257616
257220895
227000854
1272396106
519196716
913148051
1361151695
1880730021
617662754
121956880
1029882922
524075234
1302021491
216836307
88062790
455078747
1319233862
1742347006
539119350
745408757
1812865948
340004400
2147449780
1578280978
450389502
1963988086
1924107012
1657794158
1093577328
1589100670
1908326598
576864641
1622838729
2008201403
1987983969
1495986957
314247223
890788988
1382018079
394727801
613165824
1851465662
545336204
5375232
147211050
274956006
1948268145
1859547206
1080376451
912776572
1560155083
751150111
1671038511
353118911
1372220516
1083327279
1115218887
246562793
1484906888
922604829
1387429663
1152906915
161573524
1146888060
2081892595
1417783594
210317246
43870560
745610999
916979948
1339335164
282513494
117950141
260613606
1413719809
629759455
1567747769
1659888540
1934117250
248656111
160080515
1823689561
1863841743
244215812
693902867
1589282459
668687027
840938038
1055723759
1039325999
320080495
146343730
730294295
1187173460
553777943
151761903
1599214732
96674872
1316936572
1786499622
1730278247
1710433302
1036407972
668924587
538641664
1306874743
181064085
159748796
543455622
610688263
1013287228
773120286
1556582452
835483010
1714864984
357759701
2060566754
1624142956
306024475
130016760
1200816321
68592541
1783601795
271140092
91227310
2101558859
1236201004
2073473150
1646092181
1986945413
1220845441
1690563449
2091237533
1711850329
1230060644
1951657686
845504324
491881269
1383930780
329238803
1598687349
1970367026
1760769242
923994634
1123562181
885867996
279284121
1676452952
1159315624
498563337
2020298012
1284744967
1908073431
616854166
1564403893
1293939430
1820590488
1317329360
1945636597
580792910
1073262755
1611972132
1909415619
1700171412
363514502
2144743046
1183359227
872473322
640781138
2125580308
1237768711
504637288
1025977413
1456178528
1268878884
1534788678
1767227029
2085838393
1162817523
1372921361
2125010959
258654656
701901864
736955277
1469148290
208336824
1118656358
38079421
50701941
1743998175
373029322
999049261
1993777381
81614679
1603343167
763805213
1764456772
623285581
135529801
1516699587
539068819
2043617887
232376691
1429775391
2040470254
1017200035
2111158125
1509791141
392933835
526750320
1165035306
2139978243
558210145
1629336919
1701614736
999140853
1385680478
1819125678
320587807
82801926
82567026
429570020
2090788573
608630550
789043189
737357298
1783464296
107678046
1563688348
5192850
1376884070
6784418
209080035
724901753
749033240
452525966
1364316535
1385104726
732396402
10063810
1638730204
660765853
853752734
1683954731
540180104
1393632059
169877784
1130148825
2065927707
1531366853
91189076
1458960021
772791501
325660251
1583506001
220521536
1896164477
179043459
558825966
1242022231
1126587577
194091040
60449487
214762978
1748844286
217238313
402126691
412258528
1046834874
1967691094
1883536705
544960508
133503501
1820413839
495873264
1905397688
742798152
886100653
2042066673
2078410404
874657926
850198567
2078612078
2116709197
317377777
1966402538
1701612483
961274682
624103993
1005678403
1740617331
1533242683
1553492828
447779970
1055256702
1779433588
1083045394
672544986
1257145541
1900988401
1797839188
1188319426
486675682
1940459598
1617800244
1078246241
1617559101
1320323134
722388687
1461605918
145225793
1268479959
1272507144
237928735
253698431
1154490522
1007452609
1494926515
1818751352
471741666
52555738
688509649
1139780707
740211309
358703292
739631515
1351523769
1125451264
423431272
1996065993
2039094564
1518298322
1639204200
37282037
1681454582
1469848801
1244406966
404639429
1841656801
1044050196
262764535
1057161513
1581337360
279394248
1379873794
862951805
1673918444
1511512608
1408342293
444161217
364417147
135628385
1026117228
1658565586
1174065842
1444857858
2128422777
1766504960
687442945
391555755
987679877
2034585076
889261151
1473465384
1898775331
1109993697
473623990
1624004148
120562066
1209564141
1064315285
1555699132
1021909299
1802863234
1875598315
268425892
1718308144
244891352
1310285412
1669603146
1998743120
1936411466
152838777
370883227
1436852595
727953650
502658591
2129755286
539663606
1302784761
160213315
1908175514
185079500
1074835644
130230144
492193915
196121161
1968438429
1559094168
100220882
785184526
309317667
1791603529
1612297316
932332166
1666025450
1997948564
1467210656
2002260538
924113676
976817428
2005514728
1930193831
879746035
466700650
1227545706
485284013
25515185
1484468542
2145258195
1251533882
2075116056
1341125912
314844072
184611896
1805749804
998056424
339551451
977186878
1772409937
1148143622
1709286659
1092131894
918011549
1497583995
1385861125
560292513
120473896
1875174598
1736948861
6809509
630784472
1615339312
519551410
432039168
640086069
1180973860
1583799446
857484357
2124316729
1475632928
1821465340
988581395
6528926
209993285
1041508974
502119321
1656178984
1864635321
696979376
1756561694
1074695749
2073982173
1611307154
1470548608
121161333
544026375
1613399346
126797553
782695447
1425039854
1907194834
882659916
48174736
71453033
467766958
1969115086
46766485
25298593
2139174092
2075229817
1105623392
36351853
1080237623
726978023
1285164778
373902320
639141118
331567932
2089652806
847147404
189839418
1617882531
313760203
1295378436
236160566
600853106
1070044348
1207296858
1612795550
716216416
803462277
413317203
1660116423
1469179537
733505153
1464972691
896004782
997038310
407978629
2129016379
1005755539
889558436
27483438
205158361
1385319892
53724070
997312750
725524415
476695239
1702878563
765444772
1403237474
546814164
1223128835
1412860761
1224125248
979704876
1142729383
906484960
1043730902
1338841218
570697660
1053604118
1921741711
558885897
101798901
1537146095
586145255
835811996
801681745
552686937
1142576884
490917914
225208824
1218518954
1244002086
42272210
1799429960
7137019
1840277748
1488626542
1161803844
1515887584
1924119927
1874856563
686701910
821882392
762544840
2056204231
1317662893
1108874787
995456443
1738827371
1514156021
739027997
1945614978
217442377
1684346692
685417690
712833322
1925859888
1053610032
2021138309
375231117
1497395827
370805196
125385578
673951739
1278123095
135936724
1913403507
5128324
292395588
850063180
1950646416
1028958610
21548979
1396437357
73881036
473024086
131352208
23370740
1950003426
959643915
1133090435
2113443096
1258593092
460174294
1060746411
1703175930
1468324647
1397754452
735460231
2111713932
113821155
1731706255
2088643641
1065980425
1624419701
662310396
1043083171
1189844536
349395688
1073037318
2118019767
869291297
847578138
986734815
1183313571
105132930
1737596676
157217979
957687243
459558836
1454162040
1737503420
737348034
1627764248
1039537003
1718941076
145161241
183554495
1213880373
592782511
719023944
744945139
463289163
1872742166
1657253530
597177120
1564773409
1061943901
354553890
1867592452
1005356212
620520488
907251984
1050201388
566633423
1465449563
320857898
327254069
453517716
852789609
529098385
1974258115
586309008
1440525020
173374862
1923480302
1862097423
992200630
705469455
567915098
1531724818
1812539537
1296465664
1329332386
1817031761
1635346787
1777734803
448853310
1915012906
1284493553
1977525627
1816292017
2087371261
1155926235
1515160883
447874455
495782450
379086790
1875182528
1870228371
210090258
523850538
1820523113
184957735
1175814936
777109658
2033964599
1198322447
1103725163
345071755
1415139385
866253170
1325385177
2048283155
1332124675
1502392750
602227824
552609657
1991215571
2122430596
1987650302
183012982
702605970
1833446584
493886485
725857740
1783921220
1344748773
1074726783
448086964
1919937566
301391940
1727895954
325940497
1998633229
89473429
541368303
2036339829
316623764
31124282
1267281353
454888925
276379155
97329624
1583935201
991634995
1936260245
1906234724
1925960322
594120623
1733835858
1373659263
1642027991
252097140
11396449
414073760
1490668040
1113522378
1798107088
1395947432
429646149
1222805029
265620613
1814624225
1974078528
1862957593
416692291
403161970
632323505
1712063179
512463300
1561258630
2118595364
1953415488
324111480
1323115568
410186691
585208767
128643709
1746268281
2019478865
402243220
223277784
975784379
1822929361
1972062225
187207777
337565184
1953735761
1411972497
1327457729
374442620
1130028630
45810342
1135272368
130485381
486994880
862769443
756443957
450395059
2057384585
1828519748
1440416066
489668631
703345913
1384766703
1493694782
444367644
1686352089
30386717
1755928280
1166324886
191629186
1633742249
580068401
1781341874
943353491
70357436
1381421002
1097072897
209586737
651107679
1737579488
2015822910
1233633298
1867711348
856157637
1300970159
1874452206
333124752
337839135
115579277
1215691651
970160799
1796700769
1382264116
234904366
962736176
1565113534
335973835
977736882
278908930
1813068756
1601114809
1966497953
1157768741
269904520
799805176
1225446459
1710461683
1513407439
1042512205
183553562
1198199442
1183863775
762476970
915513141
309030032
1252289378
1887835446
1926940144
2029603448
914901588
768076996
545869655
381151601
71239006
1165582463
598627707
174985354
1073731935
907545804
1693466834
1496305347
1370460659
1570181738
1765416230
1716510658
99315208
595907137
1695005598
1588508131
539458213
2145711904
287086457
1813811637
1201813894
1802416423
808496779
1276330084
65571905
407896424
747396944
868586505
1887040876
1457504036
2071855370
225867485
1551216146
838291242
1668179974
1701811433
10060038
1575334200
316015537
546071328
1623186065
1403426614
1578206497
1346070982
1822256976
1408705765
110584180
1014958605
946666114
2058521022
1601263584
171992084
157966926
660337590
98387434
35195048
965168811
1648220686
1253506949
876714773
1059887744
156461543
1129169273
634982772
1309207061
725627065
54450142
315502972
521325961
192146767
1742791528
1567749663
1691720998
71327106
498795516
1627563171
1955003158
1238277406
464339565
199495757
703214932
1330852683
1598859676
571699621
713693469
1349964988
696822761
1271817036
1524185461
1800101611
558157141
738498691
1639503624
774733911
759490416
112623944
937533801
1043075368
1058699515
1660733210
1098100411
299145359
476831086
1838575445
795307432
793790696
1071812508
859990920
1302448130
944907039
411034908
1956290004
1391461658
199170176
1673626006
891474436
17440733
1068623539
950080112
1455526939
1055040796
298185093
1517509600
1268055428
579865568
519811290
504875034
726807141
560634651
1575819968
2037867372
220235201
1378699426
452701652
22103843
2132102017
1326465877
884255232
1090846984
797365649
1026505463
1741180290
257476361
225650622
53883352
1526881677
2018247336
1178771787
1080780534
1261748612
1955391406
1321110601
1072444674
747386647
695524826
932259961
452476015
524790078
431502717
213888700
2087239469
1088381738
166165420
1013472840
1745217523
1539258335
1726824583
1646760923
341590325
884803844
1721434280
1246251576
1342228641
1668541199
1330469067
1593876505
571406857
88176215
213929075
618338447
740910896
1379243766
1011489444
622535656
416442208
494984283
1996679550
1613728828
1369434233
1498909132
35118567
1827236291
1344190737
285750319
832176741
1980976723
1836804020
1087738515
92934694
732790689
194394478
865364659
1424566329
391111100
2104297880
26286717
1566704984
1313670221
576029540
472198104
1281458263
355530478
1101237792
1489500298
814635407
1369035824
1245300010
381644408
1911395314
613166925
1869970169
165456538
1984194948
90936773
1513470794
2107319690
1421723506
2003908820
709501839
1768199929
1257499517
1407812092
123007598
1509431172
785385793
1544528489
107989687
358987694
1224608635
514055597
405706898
455255461
2141782413
816124277
622670150
529399219
587924212
669971237
949819038
1362623515
847804997
504586734
176316335
1968693132
1544920195
248941488
661444460
1521682348
532470713
670916342
1801813244
1408285561
1638150140
1649048440
133182898
727006512
1763979401
1190045772
1584085493
1370108992
2102165410
693085426
735453454
1997812893
1334471806
148434174
1504648251
2003211132
1868361505
1045928101
1759942812
2066571153
1608345540
1086825991
1936013002
2045788917
213655902
322087130
1659603470
1437913054
1371218887
1428817852
979497810
1957538415
898668865
675124704
1664793027
611968026
1047427499
1190521234
985240739
1842182003
1281185622
68220485
1972907544
1509582328
1178381038
955913032
705165617
1903760773
1148455158
502821270
568933945
1475617171
1556637441
1759683133
1997113494
317091048
1442315529
201688567
1050550603
2140922634
1398204153
1851133997
1413493490
1120983316
492556881
2001523429
1420424595
1647948113
967339832
1629348634
1898508741
924382861
1206042429
2004443817
1111261830
312298851
356755489
215161199
1999293692
452456835
202431818
657468278
1265984531
134038041
67009384
945285860
335428514
402461423
1743131958
846905732
423025408
1617160686
1066613170
1521546681
399799091
2094474621
283013523
2079486603
1782465343
498144151
1417489851
1715829586
1537439986
1230603998
346390129
2098214733
866050144
60610842
779172816
202239106
1713524988
1458767046
1824427970
1389379924
1718688837
200747662
269145797
932849597
1772553679
1416531769
645730941
1565057096
1534904016
1558229148
594215271
1177101147
919621465
638154796
934323254
770503114
519445588
800972461
1516652631
1897362974
994829715
1942828110
623192135
712466526
56086810
2053178284
2000179192
302669806
1730153346
1758705842
604169186
968826086
839015848
961731134
1853241816
332385424
796855321
1039357355
847080787
1217691146
215934912
2118186201
1519063888
1621170080
1880505071
1131895398
1355809060
133893103
1926003712
1323376353
498232892
761476191
1275289664
1906585788
1383842029
985084393
1361958428
407106023
348029219
1729112952
1452673060
334536677
445742493
1171119115
1311341050
84358189
468875503
1273078078
1243681885
1103104944
658469257
909569408
1344440910
195440636
1268272989
2088929648
1577932780
1040676657
1545753031
1361514258
1531875421
48756864
1265343741
101698746
2001324657
227147238
1585188347
578423347
2050206707
1449008434
1020193258
878649558
1365564534
885387449
792665280
1484298619
1436845981
616792152
522134595
897956523
1587694592
1898693769
1886664810
1579413715
160947438
1361678893
3928572
1603000194
1441908943
1958132253
141885896
969405902
1994048772
347915922
1972413920
1803178348
729268372
1124354775
1322093472
411688395
54544131
1895176095
747176361
1456215318
1887208414
2125831555
1165509746
1523956735
103387376
317358009
1634161762
1188372451
1377866857
1492099998
1558120367
913416651
1580544601
1987879264
1883693669
1035570809
1631111575
1463487070
1696976399
352022186
119432617
1554267621
584824039
104971154
1166111091
893343915
1373003228
1353465981
1555953643
1004508382
1403427207
1588173048
1350169173
1981076409
1364742975
2109830865
677368791
726457590
1128181935
1220662182
758013083
